<?xml version="1.0"?>
<opencv_storage>
<intrinsic type_id="opencv-matrix">
  <rows>3</rows>
  <cols>3</cols>
  <dt>f</dt>
  <data>
    5.27787720e+002 0. 3.07929535e+002 0. 5.22740479e+002
    2.17726456e+002 0. 0. 1.</data></intrinsic>
<rotation type_id="opencv-matrix">
  <rows>1</rows>
  <cols>3</cols>
  <dt>f</dt>
  <data>
    2.11340714e+000 2.15671945e+000 -2.62448877e-001</data></rotation>
<translation type_id="opencv-matrix">
  <rows>1</rows>
  <cols>3</cols>
  <dt>f</dt>
  <data>
    -6.27174797e+001 -3.60184441e+001 4.43132324e+002</data></translation>
<distortion type_id="opencv-matrix">
  <rows>1</rows>
  <cols>4</cols>
  <dt>f</dt>
  <data>
    3.71026583e-002 -1.63346082e-001 9.51934326e-003 -9.46751516e-003</data></distortion>
</opencv_storage>
